>> numerique

Te =

     1


K =

     2


L =
 
    0.7358 z + 0.5285
  ----------------------
  z^2 - 1.368 z + 0.3679
 
Sample time: 1 seconds
Discrete-time transfer function.


T =
 
     0.7358 z + 0.5285
  -----------------------
  z^2 - 0.6321 z + 0.8964
 
Sample time: 1 seconds
Discrete-time transfer function.


ans =

         0
    0.7358
    0.9936
   -0.0314
   -0.9105


ans =

         0
    0.7358
    1.7293
    1.6979
    0.7874
